pond	id	scale	olf_l	olf_w	tele_l	tele_w	optic_l	optic_w	cere_l	cere_w	treatment	sl	bd
10	79	79	23	38.053	29.017	92.005	74	142.225	136.015	104.019	P	47.19	8.92
10	81	81	24.083	31	31.401	84.717	61	119.683	117.154	85.094	P	37.48	7.22
10	82	82	23.022	36	31.016	97.329	72.062	151.212	130.553	95	P	44.47	9.4
10	83	83	24.021	52.24	31.401	97.673	73.98	135.3	129.314	104.938	P	44.95	8.51
10	84	84	24	30.594	27.074	84.345	63.506	134.629	107.299	78.409	P	36.91	7.93
10	85	85	23.022	35.014	31.257	85.212	62.29	132.034	115.352	86.023	P	38.08	7.53
10	86	86	23.022	31.064	26.173	84.054	64.008	125.483	119.067	92.195	P	34.77	7.29
10	88	88	24	43.186	27.659	82.976	66.731	140.057	118.6	100.245	P	43.34	8.29
10	89	89	23.022	30.017	25.179	84.012	60.671	131.137	108.374	82.098	P	32.37	6.44
10	90	90	24	41.049	27.019	92.049	65	122.004	113.004	93.263	P	37.25	7.65
10	91	91	23.022	44	28.071	81.744	65.765	132.185	117.098	84.214	P	35.26	7.38
10	92	92	24	35.014	29.017	85.094	66.068	140.057	122.037	91.005	P	39.25	7.53
10	94	94	24.021	47	33.015	91.137	74	140.004	128.004	87.006	P	41.55	8.19
10	95	95	23.022	44.011	33.015	96.421	68.029	142.225	126.479	0	P	40.27	7.49
10	96	96	24	38.639	25.962	92.655	58.694	128.265	112.579	83.385	P	37.81	7.86
10	97	97	26.019	27.166	24.187	74.545	53.151	122.409	110.018	73.11	P	36.1	6.82
10	98	98	26	39.051	27.659	89.677	64.938	136.195	118.533	87.207	P	36.78	7.33
10	99	99	25.02	38	35.057	93.022	74.007	151.476	126.396	98.02	P	44.55	9.37
10	100	100	24.021	33.136	31.016	94.133	74.027	145.014	136.004	102.044	P	42.66	8.85
11	58	58	25.08	28.636	18.682	80.411	59.135	132.544	107.49	76.236	P	33.23	6.6
11	62	62	26	34.015	26.077	86.023	56.08	140.228	101.178	79.158	P	33.2	6.43
11	66	66	25.02	26.249	24.042	77.878	49.649	123.045	109.882	79.228	P	51.18	10.71
11	76	76	25.02	31.623	30.265	97.329	72.801	149.482	129.877	97.329	P	47.21	8.97
11	77	77	24.021	29.411	29.732	90.244	67.052	151.585	123.081	89.269	P	39.29	7.81
11	80	80	25.02	58.549	38.118	103.121	71.063	155.364	129.757	99.408	P	51.64	10.55
11	87	87	24.021	29.12	23.537	92.655	71.344	135.915	120.839	77.647	P	40.35	8.02
11	88	88	28.16	34.059	27.019	83.024	59.008	135.015	117.017	79.101	P	38.05	8.11
11	89	89	25	27.074	26.306	72.035	59.034	128.141	110.549	76.236	P	34.13	7.13
11	90	90	22.023	36.222	22.804	83.546	64.031	135.34	112.894	85.376	P	37.76	7.95
11	91	91	22	37.216	30.806	89.286	62.968	131.685	114.543	78.638	P	36.61	6.88
11	92	92	26	36	26.019	89.006	71.028	144.003	123.016	83.024	P	39.82	8.7
11	93	93	26	43.046	38.118	114.438	91.088	168.36	140.431	117.154	P	47.84	11.2
11	94	94	24	39.319	33.541	109.225	82.608	166.075	142.506	98.412	P	55.78	11.2
11	95	95	25.02	35.355	27.459	91.351	57.219	139.359	109.165	79.057	P	35.22	7.07
11	96	96	23	40.608	31.401	105.076	76.295	163.23	141.421	109.49	P	47.48	9.57
11	97	97	24	37.121	32.062	96.177	76.118	153.395	127.566	92.195	P	49.32	9.75
11	98	98	26.019	33.734	31.321	107.517	71.589	155.708	133.454	101.833	P	45.15	9.46
11	99	99	24.021	42.048	30.017	86.023	57.079	138.004	115.278	77.058	P	37.39	7.57
11	100	100	23.022	34.015	27.019	87.092	61.033	135.133	112.018	75	P	37.1	7.82
12	51	51	24.515	35.735	31.953	88.074	62.626	137.768	113.6	81.492	P	37.13	7.16
12	54	54	25.02	38	24.021	82.098	57.035	142.127	110.291	83.385	P	38.63	7.69
12	57	57	25.08	29	34.015	122.495	89.051	173.649	141.354	107.075	P	46.46	9.56
12	61	61	24.083	31.401	30.15	104.389	81.302	156.924	145.774	93.941	P	47.35	9.31
12	63	63	25	33.377	33	96.021	58	151.013	127.063	99.081	P	43.3	8.4
12	67	67	22.023	39.013	30.067	81.884	66.189	150.403	122.037	86.209	P	42.5	8.55
12	72	72	25.02	30	27	82.024	59.008	142.004	122.016	87.052	P	39.22	7.18
12	74	74	25.08	30.265	25.08	86.47	58.215	134.373	116.842	94.048	P	36.79	7.38
12	75	75	29.017	32.558	30.15	90.427	66.94	142.864	119.683	94.641	P	37.09	7.4
12	76	76	29.017	34.234	32	97.129	84.593	156.387	133.094	94.021	P	47.59	8.9
12	80	80	24.331	25.71	19.235	101.203	75.505	158.534	135.823	108.06	P	49.51	9.43
12	88	88	30.017	28.792	18.385	92.347	59.237	143.293	110.923	82.861	P	39.77	7.67
12	89	89	27.074	29.017	37.054	92.005	68.007	156.003	138.13	89.006	P	40.42	7.82
12	91	91	24.331	40.311	30.15	97.494	73.824	163.689	128.996	102.825	P	44.65	8.66
12	92	92	32.062	42.107	32.016	84.345	60.671	131.746	116.297	80.306	P	36.79	6.95
12	93	93	31.064	29.614	24.021	110.549	78.23	162.003	146.24	102.313	P	47.05	9.85
12	94	94	30.15	29.614	29.411	102.591	74.947	153.222	130.419	93.059	P	45.91	8.59
12	96	96	33	37.054	28.018	103.005	74.007	160.012	131.061	105.043	P	51.61	9.37
12	100	100	23.087	27.857	26.926	76.694	57.775	136.682	121.758	88.6	P	37.64	7.09
13	54	54	26	30.15	26.306	93.263	65.924	131.746	116.966	86.023	P	38.7	7.96
13	58	58	26	32.062	27	77.414	67.742	137.873	119.604	82.735	P	38.18	8.13
13	61	61	26.019	30.067	21.213	76	63	129.016	115.004	76.059	P	39.22	7.57
13	64	64	23.022	28.018	30.017	81.394	63.127	131.187	117.273	77.058	P	35.13	7.19
13	67	67	29	30	20.025	78.026	58.078	126.036	105.171	68.007	P	30.98	6.16
13	69	69	29.017	29.275	25.318	85.094	73.682	147.363	122.332	100.045	P	44.64	9.51
13	71	71	27.019	36.014	31.016	92.195	82.024	145.031	122.004	86.093	P	43.14	9.17
13	79	79	31.016	28.16	26	81.498	55.579	121.004	107.671	72.028	P	62.37	12.67
13	80	80	28.018	17.029	22	108.342	91.548	156	144.087	101	P	46.61	9.71
13	81	81	29	35.903	22.091	86.579	62.201	133.989	121.334	76.531	P	40.39	7.83
13	82	82	29	39.319	27.659	84.172	65.97	136.195	114.477	90.67	P	41.42	8.61
13	84	84	28.018	26.077	28.018	84.095	56.143	126.02	110.114	70.349	P	36.15	7.15
13	88	88	32.016	20.616	29.614	113.6	91.924	175.482	154.149	104.48	P	55.64	11.56
13	89	89	31.016	35.355	30.806	106.471	88.204	150.213	138.051	102.122	P	55.08	11.26
13	91	91	31.016	30.265	21.095	88.459	64.537	134.082	115.278	76.059	P	41.57	8.43
13	92	92	27	39.294	30.067	83.726	72.035	136.62	129.869	85.288	P	42.09	8.81
13	94	94	25	41	32.388	97.082	72.691	141.905	135.37	87.464	P	46.96	9.69
13	95	95	26	35	32	90.05	70.029	141.128	127.016	82.024	P	45.71	9.83
13	97	97	25.02	30.067	28.284	78.102	60.208	128.133	112.285	81.154	P	39.95	8.49
13	100	100	23	36.014	29.017	94	70.007	130.015	128.062	107.005	NP	46.98	10.08
14	76	76	21	30.083	29.411	103.325	67.357	158.521	137.244	113.508	NP	43.52	9.22
14	77	77	22	30.15	30.017	98.311	74.673	153	138.611	100.404	NP	47.02	9.47
14	80	80	24	26.019	26.019	92.136	67.007	153.013	122	97.021	NP	42.4	8.1
14	82	82	24.021	38.013	33.015	105.119	77.026	163.11	135.033	98.005	NP	48.86	10.19
14	83	83	22.091	27	28.071	74.027	46.098	115.07	104.12	81	NP	31.36	6.46
14	84	84	23	33.541	28.443	75.06	56.089	121.926	100.02	73.246	NP	34.03	6.59
14	85	85	23	29.017	25.318	96.187	72.339	155.048	125.399	95.258	NP	43.03	8.46
14	86	86	22.023	36.222	34.234	96.509	68.731	151.003	140.73	99.985	NP	49.95	10
14	88	88	22	25.02	29.017	100.08	79.101	149.013	129.016	90.089	NP	42.51	8.51
14	89	89	24	32.249	33.377	103.247	66.483	154.302	136.499	94.763	NP	45.32	8.63
14	90	90	22.023	31	29.017	88	63	136.132	124.004	83.006	NP	38.87	7.63
14	91	91	24.083	33.377	34.713	101.119	76.903	148.486	132.458	95.635	NP	39.43	8.47
14	93	93	24	35.128	28.443	100.404	79.63	156.003	143.349	107.019	NP	43.57	8.95
14	94	94	23	29.275	28.862	81.216	73.98	145.523	124.68	92.439	NP	43.4	8.03
14	95	95	26	29	27	93	65.031	142.032	123	84.006	NP	40.1	8.14
14	97	97	24	29.275	31.575	100.319	68.593	149.013	126.016	95.021	NP	42.45	8.69
14	98	98	26	30.067	29.155	99.408	77.026	158.382	130.188	109.073	NP	40.7	8.03
14	99	99	25.02	36.222	28.284	88.843	74.148	150.207	130.25	91.444	NP	42.33	8.82
14	100	100	26	39.459	34.785	96.047	79.63	153.883	137.463	94.541	NP	46.23	9.89
5	53	53	25	30	27	91	65	139	117	76.026	NP	33.53	6.1
5	54	54	22	22	22.023	77.058	49.01	108.042	88.051	55.009	NP	27.91	5.39
5	56	56	22	36.056	33.061	103.586	76.538	129.004	137.266	104.69	NP	28.05	5.66
5	58	58	22	29.614	28.636	85.288	56.886	126.321	107.28	68.118	NP	26.94	5.23
5	61	61	22	27	25.08	78.409	55.317	116.4	112.792	60.008	NP	37.97	6.69
5	64	64	25	31.623	26.683	87.801	65.734	135.366	116.902	79.63	NP	26.05	5.77
5	65	65	24	20.396	18.682	85.376	50.448	129.314	111.647	74.061	NP	34.8	6.8
5	78	78	24	25.02	22.204	78.102	57.706	120.037	116.004	74.061	NP	33.35	6.23
5	82	82	23	21	20.025	75.107	50.636	109.115	122.066	65	NP	32.48	6.89
5	84	84	23	25.02	25.08	88.204	59.034	110.005	121	69.029	NP	34.78	7.08
5	87	87	24	33.015	25	86.093	68.029	126.004	121.066	79	NP	37.86	7.47
5	89	89	22.023	29.12	26.683	62.29	81.253	128	105.342	82.735	NP	37.69	7.19
5	91	91	24	37.121	34.015	76.655	86.585	144.17	145.417	95	NP	42.89	8.75
5	93	93	25.02	26.019	24.021	94.34	58.034	135.624	103.078	68.029	NP	34.51	6.59
5	94	94	24.021	26.306	24.331	70.831	53.6	122.147	101.124	74.027	NP	34.11	6.53
5	95	95	23.022	26.926	22.361	77.104	56.223	120.071	92.022	71.176	NP	35.33	6.4
5	97	97	25	27.074	21.024	86.052	66.068	139.291	109.836	80.056	NP	39.55	7.08
5	98	98	22.023	30.265	26.476	86.885	66.708	139.832	123.665	82.873	NP	39.95	7.98
5	99	99	25	20.025	27.074	87.298	66.287	127.424	113.952	77.233	NP	37.63	6.89
5	100	100	24	26.476	29.12	82.765	63.348	134.172	115.521	75.802	NP	36.41	6.41
6	52	52	25.02	26.173	22	78.16	57.035	115.278	106.794	62.008	NP	30.89	5.96
6	54	54	24.021	31	31	92.087	71.007	149.566	129	84.024	NP	30.6	6.35
6	57	57	23.087	27.459	23.409	71.197	49.98	111.683	94.43	64.327	NP	31.22	6.51
6	58	58	25	25.318	18.439	75.928	47.074	114.739	100.404	65.276	NP	35.13	7.23
6	64	64	24.021	26.019	28	94.191	76.026	154.003	138.014	92.049	NP	44.26	9.49
6	69	69	24	27.074	30.083	99.609	72.443	140.293	122.483	80.399	NP	37.53	7.06
6	72	72	23	23.345	23.77	91.679	62.586	128.456	115.317	80.306	NP	35.74	7.47
6	73	73	24.021	28.071	28	81.302	62.073	128.062	110.223	86.093	NP	36.73	7.29
6	75	75	22.204	17.117	20.224	75	50.16	106.005	101.178	60.407	NP	28.91	6.07
6	76	76	24	36.674	38.079	111.288	94.112	159.201	152.643	97.494	NP	35.24	7.1
6	77	77	24.021	35.014	35	106.301	83.295	158.079	144.679	98.005	NP	42.91	8.68
6	91	91	24.021	34.015	28	91.005	68.007	140.698	121.198	83.024	NP	37.53	7.42
6	92	92	24	20	23.022	99.045	81.222	152.473	128.098	89.022	NP	42.89	8.22
6	94	94	27.019	24	24.021	97.739	79.762	153.222	123.968	91.049	NP	42	8.61
6	95	95	26.019	29.017	23.087	79	58	123.065	101.178	71.344	NP	34.06	7.02
6	97	97	24.021	30.017	32.062	96.876	70.711	155.158	132.136	96.005	NP	43.39	8.19
6	98	98	24.021	25	23.022	68.264	57.079	129.035	109.225	79.158	NP	35.95	7.03
6	99	99	24	28.071	26.926	102.24	74.431	140.228	124.68	76.164	NP	39.34	7.7
6	100	100	24.021	28.16	27.459	84.853	67.268	145.671	120.814	83.546	NP	39.78	7.61
7	65	65	24	31	29.017	78.058	62.008	122.102	97.417	82.006	P	35.27	6.86
7	66	66	24	21	20.025	87.023	50.01	139.703	106.231	67.007	P	43.89	8.9
7	67	67	24.021	30.017	26.077	90.2	67.476	156.16	137.186	92.049	P	41.6	8.54
7	68	68	24	31.575	21.84	83.199	56.648	137.612	117.201	83.361	P	40.67	8.29
7	69	69	25	25.08	23.409	103.325	75.69	148.476	125.172	93.215	P	43.51	8.52
7	70	70	24.021	32	31.016	103.019	71.007	156.205	132.136	98.02	P	44.67	9.81
7	71	71	25	23.345	23.409	91.679	64.846	138.246	113.547	84.012	P	36.16	7.09
7	74	74	28.018	32.016	29	81.302	63.127	141.004	123.329	78.026	P	41.23	7.92
7	75	75	26	38	33.015	101.316	75.166	154.117	130.311	98.127	P	47	9.55
7	83	83	24	32.558	33.242	84.404	62.968	134.618	117.324	88.142	P	38.06	7.45
7	84	84	24	25.02	28.018	99.02	71.028	155.013	125	80.006	P	42.17	8.37
7	85	85	25.02	27	27	110.005	79.006	164.149	145.169	95.005	P	45.45	9.07
7	93	93	24	31.575	28.16	87.476	63.891	140.812	121.565	84.012	P	39.14	7.9
7	94	94	23	35	26.019	75.027	58.034	120.017	114.004	72	P	37.67	7.24
7	95	95	26	34	31.016	83.006	67.119	131.015	119.004	84.054	P	40.19	7.85
7	96	96	24.021	30.067	27.459	104.69	70.114	155.425	128.32	97.329	P	43.85	9.27
7	97	97	25.02	34.059	24.739	86.885	62.37	125.936	113.952	84.172	P	38.84	7.47
7	98	98	25	31.575	24.083	82.006	67.007	137.033	125.1	87.052	P	39.64	7.93
7	99	99	24	31.016	32.016	98.615	77.414	169.358	133.004	98.509	P	51.05	10.19
8	51	51	27.019	26.476	24.698	66.219	44.911	112.361	92.612	74.953	NP	30.37	5.6
8	52	52	26.019	32	31.064	93.134	63.071	129.314	125.196	88	NP	36.1	6.56
8	58	58	25.02	39.205	26.926	73.824	57.489	127.318	114.425	78.16	NP	37.42	7.8
8	63	63	24.021	31.145	25	75.06	56.009	123.004	102.02	65.031	NP	35.71	6.43
8	64	64	23	33.015	24.739	77.162	51.624	109.005	102.176	67.03	NP	32.1	5.64
8	66	66	25.02	27	27.074	75.007	54.745	117.614	110.164	80.225	NP	32.58	6.14
8	69	69	29.017	42.953	32.894	95.079	67.897	141.014	133.645	92.779	NP	37.47	7.3
8	73	73	27	33.106	33.838	101.237	67.231	147.719	137.884	96.385	NP	41.37	7.95
8	74	74	28	25.08	21	73.062	51.039	117.017	96.005	64	NP	31.37	5.88
8	75	75	25.02	28.16	28.018	85.094	54.083	123.037	107.019	70.029	NP	32.02	6.36
8	83	83	26.019	26.077	25.02	101	76.007	157	139.176	93.005	NP	40.91	7.62
8	84	84	23.022	30.414	28.16	86.145	64.133	132.639	119.821	79.511	NP	35.25	7.45
8	86	86	23	36.014	28.018	99.005	72.062	153.013	139.032	90.089	NP	37.69	7.33
8	87	87	26	38.053	33.061	102.005	78	153.16	135.237	106.005	NP	40.69	7.51
8	90	90	25.02	34	32.14	110.368	79.025	164.195	136.62	98.326	NP	40.23	7.7
8	91	91	26.077	39.051	35.511	102.489	76.105	164.076	141.227	98.005	NP	43.72	8.75
8	92	92	25.02	33	28.284	101.02	71	151.053	130.096	86.006	NP	39.09	7.34
8	93	93	24.083	37.054	34.234	103.484	73.553	149.753	125.603	87.092	NP	37.65	6.92
8	96	96	26.019	31.401	30.15	100.319	67.897	149.121	128.004	93.536	NP	40.04	7.44
8	97	97	25.02	39.013	31.064	101.4	71.344	156.32	131.643	88.814	NP	40.54	7.89
8	98	98	25	40.012	32.558	97.622	66.91	148.57	129.553	86.209	NP	37.59	7.52
9	51	51	26.019	27.019	25.02	86	58.034	119.004	104.077	81.006	NP	34.14	6.82
9	52	52	26.019	33.377	31.575	83.054	62.29	131.548	112.446	85.376	NP	38.05	7.27
9	55	55	25	32.388	24.698	83.024	57.697	135.37	117.835	77.006	NP	34.64	6.68
9	57	57	25	31.257	29	79.057	52.01	126.254	107.117	70.114	NP	32.8	6.88
9	76	76	25.02	34.015	27.019	83.024	62.008	126.004	107.117	82.152	NP	36.2	7.35
9	77	77	25.02	35.228	27.074	85.053	66.483	136.092	112.04	82.608	NP	37.27	7.32
9	78	78	28.16	36.497	34.713	112.792	91.761	167.863	140.161	115.572	NP	52.4	10.38
9	79	79	25.02	22.561	22.023	93.744	80.808	142.144	119.854	91.444	NP	48	9.12
9	80	80	28	30.265	24.021	92	81.025	154.052	133.304	88.091	NP	50.79	10.02
9	83	83	24	34.713	30.806	88.074	71.868	147.221	126.242	93.408	NP	41.34	8.52
9	87	87	24	28.071	30.414	106.212	91.984	165.979	141.905	110.114	NP	54.05	11.37
9	88	88	25.02	28.018	32.062	90.139	74.33	155.116	135.532	90.2	NP	44.51	8.9
9	89	89	26	27.166	26.926	94.895	82.098	147.503	123.911	100	NP	47.66	10.01
9	91	91	27.019	23.087	25.02	100.404	83.487	151.119	139.09	93.193	NP	48.17	10.28
9	92	92	25	38.328	39.294	118.849	95.273	181.604	161.756	114.18	NP	60.53	13.18
9	94	94	24	25	24	106.019	86.145	163.003	151.003	98.25	NP	51.8	11.4
9	95	95	27.019	43.186	32.14	122.188	95.258	162.117	144.779	115.261	NP	55.24	11.47
9	96	96	27.019	26.306	27.019	105.233	88.091	166.244	137.713	95.005	NP	50.54	10.81
9	98	98	25.02	26.476	23.409	85.376	61.033	134.807	119.942	75.313	NP	35.26	7.18
9	100	100	24.021	27	23.345	89.022	48.042	128.004	92.763	84.149	NP	37.05	7.09
