pond	cross	id	sex	treatment	scale	olf_l	olf_w	tele_l	tele_w	optic_l	optic_w	cere_l	cere_w	sl	bd
10	4	79	1	P	23	38.053	29.017	92.005	74	142.225	136.015	104.019	88.023	47.19	8.92
10	4	81	1	P	24.083	31	31.401	84.717	61	119.683	117.154	85.094	75.107	37.48	7.22
10	4	82	0	P	23.022	36	31.016	97.329	72.062	151.212	130.553	95	88	44.47	9.4
10	4	83	0	P	24.021	52.24	31.401	97.673	73.98	135.3	129.314	104.938	99.141	44.95	8.51
10	4	84	0	P	24	30.594	27.074	84.345	63.506	134.629	107.299	78.409	86.145	36.91	7.93
10	4	85	1	P	23.022	35.014	31.257	85.212	62.29	132.034	115.352	86.023	81.025	38.08	7.53
10	4	86	1	P	23.022	31.064	26.173	84.054	64.008	125.483	119.067	92.195	83.024	34.77	7.29
10	4	88	1	P	24	43.186	27.659	82.976	66.731	140.057	118.6	100.245	89.805	43.34	8.29
10	4	89	0	P	23.022	30.017	25.179	84.012	60.671	131.137	108.374	82.098	81.394	32.37	6.44
10	4	90	0	P	24	41.049	27.019	92.049	65	122.004	113.004	93.263	84.095	37.25	7.65
10	4	91	1	P	23.022	44	28.071	81.744	65.765	132.185	117.098	84.214	84.291	35.26	7.38
10	4	92	1	P	24	35.014	29.017	85.094	66.068	140.057	122.037	91.005	86.023	39.25	7.53
10	4	94	0	P	24.021	47	33.015	91.137	74	140.004	128.004	87.006	87.006	41.55	8.19
10	4	95	0	P	23.022	44.011	33.015	96.421	68.029	142.225	126.479	0	76.42	40.27	7.49
10	4	96	1	P	24	38.639	25.962	92.655	58.694	128.265	112.579	83.385	85.147	37.81	7.86
10	4	97	1	P	26.019	27.166	24.187	74.545	53.151	122.409	110.018	73.11	83.15	36.1	6.82
10	4	98	0	P	26	39.051	27.659	89.677	64.938	136.195	118.533	87.207	82.298	36.78	7.33
10	4	99	0	P	25.02	38	35.057	93.022	74.007	151.476	126.396	98.02	95	44.55	9.37
10	4	100	0	P	24.021	33.136	31.016	94.133	74.027	145.014	136.004	102.044	99.02	42.66	8.85
11	1	58	0	P	25.08	28.636	18.682	80.411	59.135	132.544	107.49	76.236	78.854	33.23	6.6
11	1	62	0	P	26	34.015	26.077	86.023	56.08	140.228	101.178	79.158	72.443	33.2	6.43
11	1	66	1	P	25.02	26.249	24.042	77.878	49.649	123.045	109.882	79.228	69.721	51.18	10.71
11	1	76	1	P	25.02	31.623	30.265	97.329	72.801	149.482	129.877	97.329	92.779	47.21	8.97
11	1	77	1	P	24.021	29.411	29.732	90.244	67.052	151.585	123.081	89.269	84.404	39.29	7.81
11	1	80	1	P	25.02	58.549	38.118	103.121	71.063	155.364	129.757	99.408	99.85	51.64	10.55
11	1	87	1	P	24.021	29.12	23.537	92.655	71.344	135.915	120.839	77.647	86.701	40.35	8.02
11	1	88	1	P	28.16	34.059	27.019	83.024	59.008	135.015	117.017	79.101	73.007	38.05	8.11
11	1	89	1	P	25	27.074	26.306	72.035	59.034	128.141	110.549	76.236	70.036	34.13	7.13
11	1	90	0	P	22.023	36.222	22.804	83.546	64.031	135.34	112.894	85.376	77.647	37.76	7.95
11	1	91	0	P	22	37.216	30.806	89.286	62.968	131.685	114.543	78.638	76.531	36.61	6.88
11	1	92	0	P	26	36	26.019	89.006	71.028	144.003	123.016	83.024	84	39.82	8.7
11	1	93	0	P	26	43.046	38.118	114.438	91.088	168.36	140.431	117.154	100.08	47.84	11.2
11	1	94	1	P	24	39.319	33.541	109.225	82.608	166.075	142.506	98.412	100.18	55.78	11.2
11	1	95	0	P	25.02	35.355	27.459	91.351	57.219	139.359	109.165	79.057	87.281	35.22	7.07
11	1	96	1	P	23	40.608	31.401	105.076	76.295	163.23	141.421	109.49	97.165	47.48	9.57
11	1	97	1	P	24	37.121	32.062	96.177	76.118	153.395	127.566	92.195	92.347	49.32	9.75
11	1	98	0	P	26.019	33.734	31.321	107.517	71.589	155.708	133.454	101.833	97.867	45.15	9.46
11	1	99	0	P	24.021	42.048	30.017	86.023	57.079	138.004	115.278	77.058	76.105	37.39	7.57
11	1	100	0	P	23.022	34.015	27.019	87.092	61.033	135.133	112.018	75	75	37.1	7.82
12	2	51	0	P	24.515	35.735	31.953	88.074	62.626	137.768	113.6	81.492	79.057	37.13	7.16
12	2	54	0	P	25.02	38	24.021	82.098	57.035	142.127	110.291	83.385	77.162	38.63	7.69
12	2	57	0	P	25.08	29	34.015	122.495	89.051	173.649	141.354	107.075	105.119	46.46	9.56
12	2	61	0	P	24.083	31.401	30.15	104.389	81.302	156.924	145.774	93.941	105.929	47.35	9.31
12	2	63	0	P	25	33.377	33	96.021	58	151.013	127.063	99.081	91.005	43.3	8.4
12	2	67	0	P	22.023	39.013	30.067	81.884	66.189	150.403	122.037	86.209	89.454	42.5	8.55
12	2	72	1	P	25.02	30	27	82.024	59.008	142.004	122.016	87.052	80.025	39.22	7.18
12	2	74	0	P	25.08	30.265	25.08	86.47	58.215	134.373	116.842	94.048	78.026	36.79	7.38
12	2	75	0	P	29.017	32.558	30.15	90.427	66.94	142.864	119.683	94.641	81.498	37.09	7.4
12	2	76	1	P	29.017	34.234	32	97.129	84.593	156.387	133.094	94.021	90.05	47.59	8.9
12	2	80	1	P	24.331	25.71	19.235	101.203	75.505	158.534	135.823	108.06	101.415	49.51	9.43
12	2	88	0	P	30.017	28.792	18.385	92.347	59.237	143.293	110.923	82.861	89.9	39.77	7.67
12	2	89	1	P	27.074	29.017	37.054	92.005	68.007	156.003	138.13	89.006	92	40.42	7.82
12	2	91	1	P	24.331	40.311	30.15	97.494	73.824	163.689	128.996	102.825	101.435	44.65	8.66
12	2	92	1	P	32.062	42.107	32.016	84.345	60.671	131.746	116.297	80.306	79.906	36.79	6.95
12	2	93	0	P	31.064	29.614	24.021	110.549	78.23	162.003	146.24	102.313	99.045	47.05	9.85
12	2	94	1	P	30.15	29.614	29.411	102.591	74.947	153.222	130.419	93.059	102.421	45.91	8.59
12	2	96	1	P	33	37.054	28.018	103.005	74.007	160.012	131.061	105.043	101.005	51.61	9.37
12	2	100	1	P	23.087	27.857	26.926	76.694	57.775	136.682	121.758	88.6	80.654	37.64	7.09
13	7	54	0	P	26	30.15	26.306	93.263	65.924	131.746	116.966	86.023	94.26	38.7	7.96
13	7	58	0	P	26	32.062	27	77.414	67.742	137.873	119.604	82.735	84.593	38.18	8.13
13	7	61	0	P	26.019	30.067	21.213	76	63	129.016	115.004	76.059	83.024	39.22	7.57
13	7	64	1	P	23.022	28.018	30.017	81.394	63.127	131.187	117.273	77.058	78.026	35.13	7.19
13	7	67	0	P	29	30	20.025	78.026	58.078	126.036	105.171	68.007	62.008	30.98	6.16
13	7	69	1	P	29.017	29.275	25.318	85.094	73.682	147.363	122.332	100.045	85.053	44.64	9.51
13	7	71	1	P	27.019	36.014	31.016	92.195	82.024	145.031	122.004	86.093	91.022	43.14	9.17
13	7	79	1	P	31.016	28.16	26	81.498	55.579	121.004	107.671	72.028	69.065	62.37	12.67
13	7	80	0	P	28.018	17.029	22	108.342	91.548	156	144.087	101	98.005	46.61	9.71
13	7	81	0	P	29	35.903	22.091	86.579	62.201	133.989	121.334	76.531	82.608	40.39	7.83
13	7	82	1	P	29	39.319	27.659	84.172	65.97	136.195	114.477	90.67	76.295	41.42	8.61
13	7	84	1	P	28.018	26.077	28.018	84.095	56.143	126.02	110.114	70.349	73.11	36.15	7.15
13	7	88	1	P	32.016	20.616	29.614	113.6	91.924	175.482	154.149	104.48	106.301	55.64	11.56
13	7	89	1	P	31.016	35.355	30.806	106.471	88.204	150.213	138.051	102.122	104.389	55.08	11.26
13	7	91	0	P	31.016	30.265	21.095	88.459	64.537	134.082	115.278	76.059	76	41.57	8.43
13	7	92	0	P	27	39.294	30.067	83.726	72.035	136.62	129.869	85.288	79.63	42.09	8.81
13	7	94	0	P	25	41	32.388	97.082	72.691	141.905	135.37	87.464	88.685	46.96	9.69
13	7	95	1	P	26	35	32	90.05	70.029	141.128	127.016	82.024	82	45.71	9.83
13	7	97	1	P	25.02	30.067	28.284	78.102	60.208	128.133	112.285	81.154	80.056	39.95	8.49
13	7	100	1	P	23	36.014	29.017	94	70.007	130.015	128.062	107.005	93	46.98	10.08
14	2	76	1	NP	21	30.083	29.411	103.325	67.357	158.521	137.244	113.508	95.21	43.52	9.22
14	2	77	1	NP	22	30.15	30.017	98.311	74.673	153	138.611	100.404	94.112	47.02	9.47
14	2	80	1	NP	24	26.019	26.019	92.136	67.007	153.013	122	97.021	89.022	42.4	8.1
14	2	82	0	NP	24.021	38.013	33.015	105.119	77.026	163.11	135.033	98.005	92.049	48.86	10.19
14	2	83	0	NP	22.091	27	28.071	74.027	46.098	115.07	104.12	81	65.123	31.36	6.46
14	2	84	0	NP	23	33.541	28.443	75.06	56.089	121.926	100.02	73.246	78.16	34.03	6.59
14	2	85	0	NP	23	29.017	25.318	96.187	72.339	155.048	125.399	95.258	95.425	43.03	8.46
14	2	86	1	NP	22.023	36.222	34.234	96.509	68.731	151.003	140.73	99.985	99.247	49.95	10
14	2	88	0	NP	22	25.02	29.017	100.08	79.101	149.013	129.016	90.089	75.027	42.51	8.51
14	2	89	0	NP	24	32.249	33.377	103.247	66.483	154.302	136.499	94.763	92.228	45.32	8.63
14	2	90	0	NP	22.023	31	29.017	88	63	136.132	124.004	83.006	82.006	38.87	7.63
14	2	91	0	NP	24.083	33.377	34.713	101.119	76.903	148.486	132.458	95.635	96.187	39.43	8.47
14	2	93	0	NP	24	35.128	28.443	100.404	79.63	156.003	143.349	107.019	102.02	43.57	8.95
14	2	94	1	NP	23	29.275	28.862	81.216	73.98	145.523	124.68	92.439	90.272	43.4	8.03
14	2	95	1	NP	26	29	27	93	65.031	142.032	123	84.006	80.006	40.1	8.14
14	2	97	0	NP	24	29.275	31.575	100.319	68.593	149.013	126.016	95.021	99.02	42.45	8.69
14	2	98	1	NP	26	30.067	29.155	99.408	77.026	158.382	130.188	109.073	98.127	40.7	8.03
14	2	99	1	NP	25.02	36.222	28.284	88.843	74.148	150.207	130.25	91.444	84.012	42.33	8.82
14	2	100	1	NP	26	39.459	34.785	96.047	79.63	153.883	137.463	94.541	95.189	46.23	9.89
5	1	53	1	NP	25	30	27	91	65	139	117	76.026	104	33.53	6.1
5	1	54	0	NP	22	22	22.023	77.058	49.01	108.042	88.051	55.009	65.008	27.91	5.39
5	1	56	1	NP	22	36.056	33.061	103.586	76.538	129.004	137.266	104.69	107.564	28.05	5.66
5	1	58	0	NP	22	29.614	28.636	85.288	56.886	126.321	107.28	68.118	88.278	26.94	5.23
5	1	61	1	NP	22	27	25.08	78.409	55.317	116.4	112.792	60.008	76.236	37.97	6.69
5	1	64	1	NP	25	31.623	26.683	87.801	65.734	135.366	116.902	79.63	82.037	26.05	5.77
5	1	65	1	NP	24	20.396	18.682	85.376	50.448	129.314	111.647	74.061	83.295	34.8	6.8
5	1	78	0	NP	24	25.02	22.204	78.102	57.706	120.037	116.004	74.061	75	33.35	6.23
5	1	82	0	NP	23	21	20.025	75.107	50.636	109.115	122.066	65	72	32.48	6.89
5	1	84	0	NP	23	25.02	25.08	88.204	59.034	110.005	121	69.029	69.007	34.78	7.08
5	1	87	0	NP	24	33.015	25	86.093	68.029	126.004	121.066	79	76	37.86	7.47
5	1	89	0	NP	22.023	29.12	26.683	62.29	81.253	128	105.342	82.735	79.246	37.69	7.19
5	1	91	0	NP	24	37.121	34.015	76.655	86.585	144.17	145.417	95	99.02	42.89	8.75
5	1	93	0	NP	25.02	26.019	24.021	94.34	58.034	135.624	103.078	68.029	74.061	34.51	6.59
5	1	94	1	NP	24.021	26.306	24.331	70.831	53.6	122.147	101.124	74.027	76.105	34.11	6.53
5	1	95	0	NP	23.022	26.926	22.361	77.104	56.223	120.071	92.022	71.176	70.178	35.33	6.4
5	1	97	1	NP	25	27.074	21.024	86.052	66.068	139.291	109.836	80.056	82.219	39.55	7.08
5	1	98	1	NP	22.023	30.265	26.476	86.885	66.708	139.832	123.665	82.873	93.059	39.95	7.98
5	1	99	1	NP	25	20.025	27.074	87.298	66.287	127.424	113.952	77.233	81.744	37.63	6.89
5	1	100	1	NP	24	26.476	29.12	82.765	63.348	134.172	115.521	75.802	76.118	36.41	6.41
6	6	52	1	NP	25.02	26.173	22	78.16	57.035	115.278	106.794	62.008	74.007	30.89	5.96
6	6	54	0	NP	24.021	31	31	92.087	71.007	149.566	129	84.024	89	30.6	6.35
6	6	57	1	NP	23.087	27.459	23.409	71.197	49.98	111.683	94.43	64.327	71.47	31.22	6.51
6	6	58	1	NP	25	25.318	18.439	75.928	47.074	114.739	100.404	65.276	63.953	35.13	7.23
6	6	64	1	NP	24.021	26.019	28	94.191	76.026	154.003	138.014	92.049	97.005	44.26	9.49
6	6	69	0	NP	24	27.074	30.083	99.609	72.443	140.293	122.483	80.399	101.272	37.53	7.06
6	6	72	1	NP	23	23.345	23.77	91.679	62.586	128.456	115.317	80.306	80.062	35.74	7.47
6	6	73	1	NP	24.021	28.071	28	81.302	62.073	128.062	110.223	86.093	78.102	36.73	7.29
6	6	75	0	NP	22.204	17.117	20.224	75	50.16	106.005	101.178	60.407	68.884	28.91	6.07
6	6	76	0	NP	24	36.674	38.079	111.288	94.112	159.201	152.643	97.494	105.323	35.24	7.1
6	6	77	0	NP	24.021	35.014	35	106.301	83.295	158.079	144.679	98.005	101.02	42.91	8.68
6	6	91	0	NP	24.021	34.015	28	91.005	68.007	140.698	121.198	83.024	92.005	37.53	7.42
6	6	92	0	NP	24	20	23.022	99.045	81.222	152.473	128.098	89.022	97.514	42.89	8.22
6	6	94	0	NP	27.019	24	24.021	97.739	79.762	153.222	123.968	91.049	90.089	42	8.61
6	6	95	0	NP	26.019	29.017	23.087	79	58	123.065	101.178	71.344	71.344	34.06	7.02
6	6	97	1	NP	24.021	30.017	32.062	96.876	70.711	155.158	132.136	96.005	87.367	43.39	8.19
6	6	98	1	NP	24.021	25	23.022	68.264	57.079	129.035	109.225	79.158	75.538	35.95	7.03
6	6	99	0	NP	24	28.071	26.926	102.24	74.431	140.228	124.68	76.164	91.137	39.34	7.7
6	6	100	1	NP	24.021	28.16	27.459	84.853	67.268	145.671	120.814	83.546	84.345	39.78	7.61
7	6	65	0	P	24	31	29.017	78.058	62.008	122.102	97.417	82.006	82.024	35.27	6.86
7	6	66	1	P	24	21	20.025	87.023	50.01	139.703	106.231	67.007	71.028	43.89	8.9
7	6	67	1	P	24.021	30.017	26.077	90.2	67.476	156.16	137.186	92.049	97.514	41.6	8.54
7	6	68	1	P	24	31.575	21.84	83.199	56.648	137.612	117.201	83.361	82.976	40.67	8.29
7	6	69	1	P	25	25.08	23.409	103.325	75.69	148.476	125.172	93.215	89.989	43.51	8.52
7	6	70	1	P	24.021	32	31.016	103.019	71.007	156.205	132.136	98.02	94.085	44.67	9.81
7	6	71	0	P	25	23.345	23.409	91.679	64.846	138.246	113.547	84.012	76.485	36.16	7.09
7	6	74	1	P	28.018	32.016	29	81.302	63.127	141.004	123.329	78.026	92.022	41.23	7.92
7	6	75	1	P	26	38	33.015	101.316	75.166	154.117	130.311	98.127	89.022	47	9.55
7	6	83	0	P	24	32.558	33.242	84.404	62.968	134.618	117.324	88.142	77.162	38.06	7.45
7	6	84	0	P	24	25.02	28.018	99.02	71.028	155.013	125	80.006	92	42.17	8.37
7	6	85	0	P	25.02	27	27	110.005	79.006	164.149	145.169	95.005	102.005	45.45	9.07
7	6	93	0	P	24	31.575	28.16	87.476	63.891	140.812	121.565	84.012	81.744	39.14	7.9
7	6	94	1	P	23	35	26.019	75.027	58.034	120.017	114.004	72	77.006	37.67	7.24
7	6	95	0	P	26	34	31.016	83.006	67.119	131.015	119.004	84.054	82	40.19	7.85
7	6	96	0	P	24.021	30.067	27.459	104.69	70.114	155.425	128.32	97.329	99.247	43.85	9.27
7	6	97	0	P	25.02	34.059	24.739	86.885	62.37	125.936	113.952	84.172	82.565	38.84	7.47
7	6	98	0	P	25	31.575	24.083	82.006	67.007	137.033	125.1	87.052	84.006	39.64	7.93
7	6	99	1	P	24	31.016	32.016	98.615	77.414	169.358	133.004	98.509	99.504	51.05	10.19
8	4	51	1	NP	27.019	26.476	24.698	66.219	44.911	112.361	92.612	74.953	70.88	30.37	5.6
8	4	52	1	NP	26.019	32	31.064	93.134	63.071	129.314	125.196	88	81.025	36.1	6.56
8	4	58	1	NP	25.02	39.205	26.926	73.824	57.489	127.318	114.425	78.16	77.414	37.42	7.8
8	4	63	1	NP	24.021	31.145	25	75.06	56.009	123.004	102.02	65.031	67.03	35.71	6.43
8	4	64	0	NP	23	33.015	24.739	77.162	51.624	109.005	102.176	67.03	62.201	32.1	5.64
8	4	66	1	NP	25.02	27	27.074	75.007	54.745	117.614	110.164	80.225	77.162	32.58	6.14
8	4	69	0	NP	29.017	42.953	32.894	95.079	67.897	141.014	133.645	92.779	97.082	37.47	7.3
8	4	73	1	NP	27	33.106	33.838	101.237	67.231	147.719	137.884	96.385	101.951	41.37	7.95
8	4	74	0	NP	28	25.08	21	73.062	51.039	117.017	96.005	64	67.067	31.37	5.88
8	4	75	0	NP	25.02	28.16	28.018	85.094	54.083	123.037	107.019	70.029	72.028	32.02	6.36
8	4	83	0	NP	26.019	26.077	25.02	101	76.007	157	139.176	93.005	101.4	40.91	7.62
8	4	84	0	NP	23.022	30.414	28.16	86.145	64.133	132.639	119.821	79.511	77.782	35.25	7.45
8	4	86	0	NP	23	36.014	28.018	99.005	72.062	153.013	139.032	90.089	88.091	37.69	7.33
8	4	87	0	NP	26	38.053	33.061	102.005	78	153.16	135.237	106.005	93.022	40.69	7.51
8	4	90	0	NP	25.02	34	32.14	110.368	79.025	164.195	136.62	98.326	103.392	40.23	7.7
8	4	91	1	NP	26.077	39.051	35.511	102.489	76.105	164.076	141.227	98.005	91.137	43.72	8.75
8	4	92	1	NP	25.02	33	28.284	101.02	71	151.053	130.096	86.006	97.252	39.09	7.34
8	4	93	0	NP	24.083	37.054	34.234	103.484	73.553	149.753	125.603	87.092	98.326	37.65	6.92
8	4	96	1	NP	26.019	31.401	30.15	100.319	67.897	149.121	128.004	93.536	91.411	40.04	7.44
8	4	97	0	NP	25.02	39.013	31.064	101.4	71.344	156.32	131.643	88.814	92.914	40.54	7.89
8	4	98	1	NP	25	40.012	32.558	97.622	66.91	148.57	129.553	86.209	82.873	37.59	7.52
9	7	51	0	NP	26.019	27.019	25.02	86	58.034	119.004	104.077	81.006	73	34.14	6.82
9	7	52	1	NP	26.019	33.377	31.575	83.054	62.29	131.548	112.446	85.376	78.16	38.05	7.27
9	7	55	1	NP	25	32.388	24.698	83.024	57.697	135.37	117.835	77.006	75.166	34.64	6.68
9	7	57	1	NP	25	31.257	29	79.057	52.01	126.254	107.117	70.114	72.007	32.8	6.88
9	7	76	1	NP	25.02	34.015	27.019	83.024	62.008	126.004	107.117	82.152	74.061	36.2	7.35
9	7	77	0	NP	25.02	35.228	27.074	85.053	66.483	136.092	112.04	82.608	81.099	37.27	7.32
9	7	78	0	NP	28.16	36.497	34.713	112.792	91.761	167.863	140.161	115.572	102.108	52.4	10.38
9	7	79	1	NP	25.02	22.561	22.023	93.744	80.808	142.144	119.854	91.444	90.094	48	9.12
9	7	80	1	NP	28	30.265	24.021	92	81.025	154.052	133.304	88.091	96.083	50.79	10.02
9	7	83	1	NP	24	34.713	30.806	88.074	71.868	147.221	126.242	93.408	84.202	41.34	8.52
9	7	87	0	NP	24	28.071	30.414	106.212	91.984	165.979	141.905	110.114	99.725	54.05	11.37
9	7	88	1	NP	25.02	28.018	32.062	90.139	74.33	155.116	135.532	90.2	87.023	44.51	8.9
9	7	89	1	NP	26	27.166	26.926	94.895	82.098	147.503	123.911	100	86	47.66	10.01
9	7	91	0	NP	27.019	23.087	25.02	100.404	83.487	151.119	139.09	93.193	96.005	48.17	10.28
9	7	92	0	NP	25	38.328	39.294	118.849	95.273	181.604	161.756	114.18	110.136	60.53	13.18
9	7	94	0	NP	24	25	24	106.019	86.145	163.003	151.003	98.25	107.117	51.8	11.4
9	7	95	0	NP	27.019	43.186	32.14	122.188	95.258	162.117	144.779	115.261	108.167	55.24	11.47
9	7	96	0	NP	27.019	26.306	27.019	105.233	88.091	166.244	137.713	95.005	95.131	50.54	10.81
9	7	98	0	NP	25.02	26.476	23.409	85.376	61.033	134.807	119.942	75.313	74.813	35.26	7.18
9	7	100	1	NP	24.021	27	23.345	89.022	48.042	128.004	92.763	84.149	73.98	37.05	7.09
