pond	family	id	scale	olf_l	olf_w	tele_l	tele_w	optic_l	optic_w	cere_l	cere_w	sl	sex
10	1	2	46.043	60.299	78.409	287.569	206.62	354.045	355.629	290.765	271.919	63.3	f
10	1	3	48	58	66.121	282.708	214.234	368	358.675	250.2	274.007	59.4	f
10	1	4	46	92.347	78.638	298.67	254.283	334.054	344.006	268.007	306.059	57.5	m
10	1	5	42.048	87.476	71.386	289.365	189.082	325.576	320.581	236.846	257.123	57.5	f
10	1	6	52.038	87.476	88.363	273.562	178.55	381.182	312.775	260.277	276.116	61.8	f
10	2	1	44.045	64.125	58.034	307.103	202.988	338.142	343.313	252.958	278.869	57.6	m
11	1	1	52	86.023	92.347	296.169	208.154	312	350.006	266.188	288.062	55.9	m
11	1	10	48	60.033	68.264	290.338	254.071	342.023	358.022	288.007	298.007	60.5	m
11	1	11	46	96.083	76	272.184	204.157	304.105	334.15	276.007	320.025	56.4	m
11	1	13	50.04	98.082	76.026	272.066	178.101	358.05	316.101	264.121	288	60.1	f
11	1	14	54.037	106.301	66	228.429	168.012	292.062	308	260.192	242.033	49.5	f
11	1	15	52.154	82.389	58.856	231.465	179.611	326.613	324.302	264.371	266.188	48.2	f
11	1	17	52.038	96.519	67.052	286.056	183.183	337.004	331.494	278.869	267.013	61.9	f
11	1	18	48	76.026	90.2	289.558	219.107	312.832	339.912	268.745	268.901	51.5	m
11	1	19	48.042	68.118	84.214	292.335	190.672	312.16	308.162	246.033	266.068	47.1	m
11	1	2	50.04	98.509	78.102	250.264	163.487	313.465	315.379	223.258	253.18	51.9	m
11	1	20	50	68.264	76.236	273.437	210.609	327.567	350.069	259.515	273.649	50.3	m
11	1	22	48	108.296	78.918	278.352	226.035	302.06	330.006	244.295	252.071	49	f
11	1	3	46.043	94.763	74.673	287.785	240.832	400.425	363.329	291.76	287.367	58.7	f
11	1	4	48	116.43	90.708	311.718	217.706	323.58	321.646	287.089	272.389	58.8	m
11	1	6	48	70.029	90.796	258.519	202.544	357.099	347.667	270.74	279.213	57.1	f
11	1	8	56.143	82.873	77.279	273.649	190.683	319.049	295.296	275.427	251.873	51.6	f
11	1	9	56	116.069	92	287.005	238.68	425.06	353.276	302.424	334.485	70.9	f
12	1	1	50.04	86	54.332	258.031	160.611	318.308	330	218.147	246.13	54.5	f
12	1	2	50	98.082	78.23	268.007	210.038	334.383	350.006	272.118	304.059	56.7	m
12	1	3	52	94.763	62.801	263.697	162.788	360.976	299.366	258.874	265.149	56.7	f
12	1	4	46	98.082	68.264	252.286	172.047	350.023	332.024	244.033	270	62.1	f
12	1	5	50.04	122	84.214	274.467	182.176	385.523	363.989	268.745	270.474	62.1	NA
12	1	6	48	88.023	88.363	255.766	170.575	328.445	319.625	261.725	271.588	57.1	f
12	1	9	50.16	98	80.1	292.062	196.092	350.691	348.207	272.029	310.413	61.3	f
12	2	1	44.045	62.032	62.514	252.071	202.01	330.606	330.606	260.192	250.392	50.9	m
12	2	2	46	50.16	52.345	252.642	201.683	320.4	332.602	268.03	260.192	59.6	f
12	2	3	48	114.018	88.023	304.657	226.221	334.293	344.093	276.463	246.13	61.2	m
13	1	1	50	92.087	78.638	280.863	195.028	341.901	345.485	288.34	264.915	64.8	f
13	1	2	44.045	82.098	88.023	288.34	252.032	394.411	386.254	262.069	268.03	67.1	m
13	1	3	52	76.026	78.026	254.031	224	352.687	342.146	282.113	288.25	69.9	f
13	1	4	50	74.108	60.299	296.675	216.083	364.927	340.288	282.113	314.102	64.2	f
13	1	5	48	62	62.032	194	160	270	280.007	226.009	230.078	43.34	f
13	1	6	46.043	70.029	60.133	292.007	206.243	306.026	326.006	326.098	266.03	70.75	f
13	2	7	50	74	70.114	274.007	226.009	326.153	362.05	256.008	258.07	56.66	m
13	2	8	46.043	68.029	70.257	314.025	230.009	342.146	352.006	288	292.007	62.35	m
13	2	9	48.166	96.021	68	270.007	196.163	332.385	336.095	224.036	244	56.9	f
5	1	1	48	60.033	58	252.642	184.043	336	292	224	230	48.8	m
5	1	11	50	90	76	270	182	410	374	264	274	60.2	f
5	1	12	48	62	72	268	194	352	306	258	258	53	f
5	1	13	48	72	64	236	160	338	298	214	222	46.7	f
5	1	14	42	80	50	258	190	350	302	240	236	49	m
5	1	15	46	104.173	72.25	271.662	169.186	350.189	308.415	235.032	250.799	54.6	f
5	1	16	52	102	70.114	240.533	162.604	358.24	311.088	220.445	268.604	56.3	f
5	1	17	46	94.085	70.456	252.301	176.238	377.041	340.359	240.133	290.172	66.3	f
5	1	18	48	90	62.032	246.073	162.012	352.023	298.06	236.008	244.295	57.9	f
5	1	19	48.042	96	76.026	298.027	198.091	360.272	356.09	252	270.007	56.1	m
5	1	2	44	84	64.125	232	150	320	284	214	234	48.6	f
5	1	2	44	84	64.125	232	150	320	284	214	234	48.6	f
5	1	20	44	124.064	66.272	282.454	192.51	326.153	346.023	268.067	302.424	65.3	f
5	1	22	50	64	58	254	168	296	280	222	238	48.9	f
5	1	3	46	82	62	246	196	328	312	236	246	52	m
5	1	3	46	82	62	246	196	328	312	236	246	52	m
5	1	4	44	78	68	246	206	386	324	248	262	52.2	m
5	1	4	44	78	68	246	206	386	324	248	262	52.2	m
5	1	5	44	82	60	239.416	175.647	322	314	234	236	55.2	f
5	1	6	40	86.023	72	252	196	326	330	250	226	50.2	m
5	1	7	42	76.105	56.143	248.974	188.68	361.602	328.877	235.669	219.545	55.9	f
5	1	8	46	56.036	66.03	260.192	202.04	318	312.006	234.034	250.008	49.7	m
5	1	9	42	69.426	76.158	255.766	182.833	319.756	323.067	285.111	269.948	58	m
5	2	1	46.043	104.938	67.082	252.99	173.666	319.931	315.373	239.641	257.752	58.53	f
5	2	10	46	58.034	62.129	258	178.011	378.19	330.218	258.008	282.113	62.04	f
5	2	11	50	87.476	78.918	268.343	154.984	359.388	340	260.1	278.525	59.98	f
5	2	12	44	92	66	328	214	392	346	248	282	59.56	m
5	2	13	42.048	87.132	63.151	258.132	161.505	380.494	317.717	264.197	247.823	54.77	f
5	2	14	46	70.257	70.456	266.18	180.544	406.079	332.096	235.669	249.808	59.14	f
5	2	15	48	90.022	76	294	200.04	378.048	332.295	274.029	288.062	55.28	m
5	2	16	44.045	98.082	80.025	294.027	208.087	360.45	382.047	268.03	296.027	59.78	m
5	2	17	46	110.164	66.483	285.797	215.035	348.574	357.099	292.171	304.237	58.51	m
5	2	18	48	118.457	78.638	263.492	218.742	388.417	354.457	296.061	286.342	62.19	m
5	2	19	44	86	64	256.07	168.012	372	308.058	250.008	258.008	57.33	f
5	2	2	48	84.9	74.243	281.155	186.687	378.64	350.964	254.071	258.031	52.95	m
5	2	20	44	85.907	77.279	242.33	198.917	360.411	346.439	249.56	256.912	51.11	f
5	2	21	46	105.546	82.873	244.663	173.666	384.796	335.452	247.257	257.317	55.83	f
5	2	22	44	92.195	84.095	254.786	188.096	401.617	346.976	252.198	252.127	56.72	f
5	2	23	46.043	92.347	78.102	280.713	198.595	352.142	332.385	266.068	262.122	56.72	f
5	2	24	46	82.219	70.456	252.301	180.898	346.554	311.416	268.701	283.436	56.62	f
5	2	25	44	86.023	68	260.377	190.011	396.247	346.092	252.127	272.029	62.05	f
5	2	3	44	90.2	68.029	262.191	148.122	322	268.119	206	220	48.01	f
5	2	4	44.045	76.105	74.243	274.357	163.487	328.055	306.026	252.071	266.12	54.93	m
5	2	6	46	103.942	83.187	267.642	204.841	377.068	347.615	252.198	266.188	62.49	m
6	1	1	46.043	130	92.022	240.033	198.04	372.193	316.006	272.007	294.027	59.3	f
6	2	1	46	104.019	96.021	284.063	218.009	380.021	376.048	284.063	304.105	58	m
6	2	10	52.154	88.023	80.025	289.358	188.383	369.957	314.306	278.718	260.768	54.8	m
6	2	11	46.043	116	76.026	250.008	200	374.262	320.156	258.008	268.007	53.1	m
6	2	12	46.043	92.542	72.25	260.929	207.171	392.25	358.452	278.007	258.627	58.8	m
6	2	13	46	86	56	276.355	178.404	408.123	368.266	266.481	293.339	57.4	f
6	2	14	44.045	114.28	76.026	257.752	195.028	364.428	356.253	235.44	269.904	55.8	m
6	2	15	48.042	80	78	238.302	172	350.051	322.224	250.072	254.197	60.3	m
6	2	15	48.042	80	78	238.302	172	350.051	322.224	250.072	254.197	60.3	m
6	2	2	46	106.17	92.022	240.533	192.26	388.082	348.281	266.12	270.03	58.6	f
6	2	3	40	84	66	276	204	356	330	260	268	54	m
6	2	7	42	82	80	296	194	409.888	338.733	218.147	350.525	60.1	f
6	2	9	40	50	84	296	196	378	378	234	310	62.2	f
7	1	10	56.143	69.857	69.857	255.351	186.762	375.926	339.912	232.422	204.088	50.4	m
7	1	11	50	60.033	60.133	246.658	198.494	304.381	278.883	203.421	247.37	53.66	m
7	1	12	44.045	78.102	62.29	217.117	178.55	311.448	288.562	252.872	237.899	54.35	f
7	1	13	46	102.703	72.691	209.38	173.401	362.668	300.167	246.357	241.868	62.19	f
7	1	14	52.154	92.022	76.105	268.119	200.04	402.318	358.006	282.255	296.007	64.59	f
7	1	15	52.038	88.023	58.034	236.136	182.011	328.299	284.45	241.197	239.641	48.38	f
7	1	16	56	78	76.026	220.036	154	330.024	272.118	234.214	244.205	48.32	f
7	1	19	46	52	52.038	208.01	142.014	284.007	246.073	168.012	192.094	43.08	m
7	1	20	44	82	64.031	222.009	176.011	302.026	272.066	218.33	228	51.79	f
7	1	21	42.048	50.04	52	202.04	148.054	266.481	239.416	210.152	212.763	45.46	f
7	1	22	50.04	62.032	68.029	270.03	210.086	338.095	322.304	246	242.033	44.84	m
7	1	23	42	66.121	62	248.805	176.918	306.62	288.513	212.339	250.072	51.54	m
7	1	24	42	52.612	42.426	202.247	158.808	292.171	232.215	196.092	220.009	46.85	f
7	1	26	44	59.666	54.406	237.756	145.066	304.795	293.019	232.86	242.998	50.18	m
7	1	27	44.045	70.711	68.118	242.99	165.747	295.147	275.637	216.083	250.647	47.3	m
7	1	28	58.034	85.907	69.857	258.496	169.446	334.646	305.791	244.99	257.527	54.74	f
7	1	3	50	64.031	60.133	242.405	186.043	300.24	324.154	258.07	250.2	53.7	f
7	1	30	44.045	42.19	43.681	222.171	154.738	294	262.031	212.085	226.009	46.72	m
7	1	31	48.042	100.02	80.1	288.007	214.009	354.051	346.052	240.075	288.062	62.27	f
7	1	4	48	76.026	74	254.197	182.099	360.139	324.154	244.033	254.008	55.1	f
7	1	5	50	82.024	70.029	264.008	200.09	342.707	338.053	270.03	264.03	56.6	f
7	1	7	46	78.102	60.133	239.04	176.918	292.985	301.702	252.032	286.112	49.5	f
7	1	8	48	92.195	69.426	250.894	181.604	339.912	332.096	246.089	277.2	47.2	f
7	1	9	46.174	82.024	88.091	266.481	208.24	308.785	318.76	246.52	276.586	49.52	f
7	2	1	44.045	88.204	74.243	246.812	167.451	316.101	304	214.084	246.398	64.1	f
7	2	10	48.042	78.026	66.03	261.503	198.595	329.369	313.081	254.786	256.944	58.32	m
7	2	2	46	92.022	70.257	282.574	192.042	340.094	330.055	250.032	290	60.97	m
7	2	7	50.04	66.272	61.612	257.992	148.661	314.814	278.338	234.691	265.277	57.62	f
7	2	8	46.043	64.777	56.036	231.249	126.775	308.415	284.851	218.449	258.279	55.04	f
7	2	9	44	70.029	66.121	248.395	144.679	312.006	265.089	222.009	244.033	58.44	f
7	3	3	50.04	96	100.02	262.122	192.842	334.006	301.496	258	236.008	61.48	f
8	1	1	46.174	86.023	64.125	260.192	202.158	429.93	338.373	291.046	283.436	71.4	f
8	1	11	54	112.071	88.091	286.007	190.379	400.045	342.053	260.622	262.618	65.8	f
8	1	12	48.042	118.152	66.121	284.063	172.047	434.373	337.004	278	258.07	64.78	f
8	1	13	52	92.195	82.219	288.25	212.339	388.186	342	274.007	294.027	59	m
8	1	14	48	61.188	57.585	251.873	185.828	390.046	348.006	218.009	246	55.92	m
8	1	16	48.042	103.942	67.912	256.64	159.625	371.849	311.082	230.235	267.918	54.58	f
8	1	2	42.048	78.638	64.498	274.467	166.108	404.401	317.421	263.712	266.18	60.69	f
8	1	3	50	94.191	74.108	268.477	198.04	384.333	350.28	258.031	256.125	60.1	m
8	1	4	52.038	62.032	68	282.007	202.04	348.574	330	218.147	248.008	49.16	m
8	1	5	46.043	68.469	58.549	270.969	175.647	296.554	307.461	251.03	262.427	51.25	f
8	1	7	54.037	74.243	80.399	300.326	164.985	378.021	355.629	257.123	307.103	59.26	f
8	1	8	48.042	126.063	82.024	299.132	232.078	414.661	362.795	271.065	260.622	61.61	m
8	1	9	48.042	108.019	78	286.028	194.093	394.411	368.196	282.028	272.029	67.75	f
8	2	1	52	80.1	66.03	262.008	176.102	340.212	316	216.083	234.034	54.76	f
8	2	10	52	74.967	55.317	269.948	192.208	362.05	340.852	231.698	266.443	56.9	m
8	2	11	56.036	102	70.029	284.028	224.036	384.187	376	248.516	264.008	58.85	m
8	2	2	56.036	78.918	78.23	264.56	166.865	410.682	334.742	271.426	291.568	65.91	f
8	2	3	46	53.852	43.081	260.461	167.905	358.022	297.523	216.342	239.082	55.23	f
8	2	4	48.042	78.102	66.121	270.296	168.808	388.973	325.269	258.774	285.377	60.52	f
8	2	5	52	100.08	72.111	304.164	212	370.086	354.023	232.009	274.029	54.62	m
8	2	6	46	66.121	60.299	323.215	197.018	379.905	386.078	234.546	343.313	56	m
8	2	8	50	98.02	80.025	278	200	334.096	346.006	264.03	278.029	56.16	m
8	2	9	50.04	98	70.114	292.062	168	374.433	328.098	236.212	270.007	57.81	f
9	1	1	50.16	63.561	52.345	245.967	154.635	345.08	313.847	226.433	242.528	51.2	f
9	1	10	48	70	70	264.068	198.162	346.006	342.094	218.009	262	50.61	m
9	1	11	46	62.29	54	274.591	210.238	362.138	332.054	266.12	254.031	55.6	f
9	1	12	46.043	54.148	56.321	231.836	183.967	312.877	338.585	260.929	252.792	53.4	f
9	1	13	48	54.037	58	270.067	188.096	300.027	326.098	234.009	280.179	49.54	m
9	1	15	46.043	76.236	70.114	276.463	186	329.029	354.954	282.028	260.069	64.86	f
9	1	16	52.038	68.731	62.801	258.248	213.841	300.167	350.964	222	256.78	49.8	m
9	1	3	56.143	58.549	67.469	287.507	205.222	355.106	333.179	278.352	283.81	56.38	m
9	1	4	48.166	82.389	82.098	248.652	196.01	340.094	308.006	264.121	286.063	62.56	f
9	1	6	50.04	70.711	71.694	304.322	197.798	388.33	341.157	260.599	278.374	54.85	f
9	1	7	48.042	76	74.108	282.028	232.034	364.927	366.022	270.599	298.242	56.7	m
9	1	8	44	82.098	70.029	256	192.094	354.051	318.006	264.121	266.068	53.54	f
9	1	9	50.16	72.028	72.028	302.007	218.229	340.476	352.142	246.13	276.007	50.63	m
9	2	10	50.359	86.209	98.184	306.62	225.504	377.465	363.736	288.014	286.803	58.86	m
9	2	13	52	74.108	76.236	283.196	207.171	377.465	342.286	286.566	262.191	69.35	m
9	2	14	52.154	92.022	84.214	282.347	244.205	368.782	369.567	268.067	308.234	71.19	m
9	2	15	46	98	66.03	272.118	204.353	356.051	340	232.078	250.008	64.5	f
9	2	16	54	84.024	84	250.008	204	352.363	338.29	280.257	290.172	68.6	f
9	2	17	52	82.219	67.469	218.229	174.734	321.801	315.626	234.137	248.129	52.1	f
9	2	18	52	66.121	86.209	290.062	232.078	391.152	348.207	284.113	304.105	70.64	f
9	2	19	48.042	66.121	50.04	266.188	180.178	326.497	312.058	252.127	268.067	59.85	m
9	2	2	48	82	76.026	274.007	212.151	338.213	370.265	236.008	282	62.09	f
9	2	20	48	90.355	68.264	286.566	196.163	389.158	355.443	268.03	290.11	58.73	m
9	2	21	50.04	74.027	74.027	248.032	196.01	352.006	338.006	288.028	280	58.63	m
9	2	3	50	82.219	66.483	266.271	178.101	324.154	330.218	244	268.119	60.41	f
9	2	4	48.042	94.021	64	268.03	200.04	348.006	320.156	250	266.03	57.55	m
9	2	6	50	66.03	76.026	266	208.01	324.154	330.218	222.225	258.031	53.5	m
9	2	7	44.181	98.082	72.111	263.097	199.218	350.291	356.724	271.065	292.828	61.96	f
9	2	8	42.048	88.363	62.514	260.622	184.098	324.746	338.591	282.113	306	61.64	f
9	2	9	50	92.195	84.593	288.014	220.635	342.421	337.153	269.948	298.563	58.27	m
