pond cross id treatment sex sl bd olf_size tele_size optic_size cere_size
10 4 79 P M 47.19 8.92 6.55745941700136 40.4331288750872 114.883312394241 54.3754721570396
10 4 81 P M 37.48 7.22 5.27270985868291 27.9916890123496 75.948340616847 34.6184848054847
10 4 82 P F 44.47 9.4 6.61838553745213 41.573093889379 117.013747175453 49.5530112532419
10 4 83 P F 44.95 8.51 8.93129333582676 39.3420114441905 95.2601033934854 56.6439830536059
10 4 84 P F 36.91 7.93 4.51768635403412 29.2147040296887 78.7882916167807 36.8403187939967
10 4 85 P M 38.08 7.53 6.48713287614937 31.4617490826581 90.2764936918087 41.3140144877062
10 4 86 P M 34.77 7.29 4.81919673817345 31.8901393223424 88.5605036930644 45.3706285136158
10 4 88 P M 43.34 8.29 6.51488635022009 30.2000399454363 90.5976427341349 49.1010327326142
10 4 89 P F 32.37 6.44 4.47991255143028 30.212471269326 84.2391780856341 39.6085316478231
10 4 90 P F 37.25 7.65 6.04921809045921 32.6332118768553 75.1960928294249 42.7766672543984
10 4 91 P M 35.26 7.38 7.32106620468291 31.8650411252054 91.7477508221663 42.0754990435957
10 4 92 P M 39.25 7.53 5.54142712732454 30.6632008924646 93.223141031582 42.6979699766352
10 4 94 P F 41.55 8.19 8.44844664679446 36.719279806161 97.5734567978689 41.2160256956255
10 4 95 P F 40.27 7.49 8.61264034048638 38.8802896702589 106.624777811871 0
10 4 96 P M 37.81 7.86 5.47131114261955 29.6612846978888 78.7576848903359 38.7243978490753
10 4 97 P M 36.1 6.82 3.04913302236996 18.3864815142025 62.4950710644971 28.210300213512
10 4 98 P F 36.78 7.33 5.01963120694002 27.0634498702154 75.0245876353165 33.353683591469
10 4 99 P F 44.55 9.37 6.68549559866431 34.548861015852 96.0842977738576 46.7319136392929
10 4 100 P F 42.66 8.85 5.5956890867678 37.9402122071924 107.381463802314 55.014618074129
11 1 58 P F 33.23 6.6 2.67196355318035 23.7495219716809 71.1578707311314 30.0246973429618
11 1 62 P F 33.2 6.43 4.12222107250723 22.4194919068246 65.9362140602223 26.6498283763016
11 1 66 P M 51.18 10.71 3.1670769659118 19.4044151400285 67.8524897573132 27.721553383086
11 1 76 P M 47.21 8.97 4.80307101947936 35.5594363272383 97.4308317928932 45.317632216657
11 1 77 P M 39.29 7.81 4.76103771208188 32.9456271714987 101.581576929871 41.0233766875059
11 1 80 P M 51.64 10.55 11.2001760593564 36.7761206562793 101.171095364718 49.813225893193
11 1 87 P M 40.35 8.02 3.73172974482231 35.9910089557273 89.4215551120229 36.6535879794672
11 1 88 P M 38.05 8.11 3.64574035603192 19.4088194546464 62.591527784116 22.8786844524424
11 1 89 P M 34.13 7.13 3.57995111010168 21.3754677417446 71.2053757617604 26.8380705859303
11 1 90 P F 37.76 7.95 5.3503275881731 34.6507677166644 98.9678072963577 42.9395411716552
11 1 91 P F 36.61 6.88 7.44165471221055 36.4928496226797 97.9060146701489 39.0637883927065
11 1 92 P F 39.82 8.7 4.35307629161997 29.3800172680246 82.3258679117484 32.4105287449966
11 1 93 P F 47.84 11.2 7.62546064143999 48.4433984251115 109.876567119157 54.4888440614275
11 1 94 P M 55.78 11.2 7.19293042942892 49.2120606257952 129.081736861374 53.772035238591
11 1 95 P F 35.22 7.07 4.87203972397122 26.2318446273672 76.3473034145306 34.6286296307452
11 1 96 P M 47.48 9.57 7.57267432962471 47.6095207594819 137.090728771822 63.1798385007011
11 1 97 P M 49.32 9.75 6.49138946246604 39.9287747948806 106.726810510166 46.4362937012665
11 1 98 P F 45.15 9.46 4.90311557668434 35.7184088730115 96.4297836249347 46.2480562378394
11 1 99 P F 37.39 7.57 6.87195544447603 26.733673909336 86.6175337270396 31.9299787472746
11 1 100 P F 37.1 7.82 5.44757878802768 31.5069783921481 89.7249048148205 33.3415895095078
12 2 51 P F 37.13 7.16 5.96886152234379 28.8329097147432 81.8111999493708 33.6776193619183
12 2 54 P F 38.63 7.69 4.58089082852256 23.4989948025916 78.6668799155952 32.2898978327522
12 2 57 P F 46.46 9.56 4.926781268432 54.4818656789963 122.595688671515 56.216539995779
12 2 61 P F 47.35 9.31 5.12813555610612 45.9710758781386 123.907656182099 53.9012395601179
12 2 63 P F 43.3 8.4 5.53644632634015 27.9939429680641 96.4502362099848 45.3237140101578
12 2 67 P F 42.5 8.55 7.59794876096075 35.1060352392259 118.889893231222 49.9515866573686
12 2 72 P M 39.22 7.18 4.06499748148361 24.2899768773813 86.9546123733713 34.9606660674912
12 2 74 P F 36.79 7.38 3.79108060848864 25.1417306373119 78.4162020000001 36.6508217279958
12 2 75 P F 37.09 7.4 3.66260335209524 22.5854466823032 63.7969807216859 28.7786968759336
12 2 76 P M 47.59 8.9 4.08745023269111 30.6568972085534 77.6611789835021 31.5902771709256
12 2 80 P M 49.51 9.43 2.62436491174356 40.5507651960762 114.268280318147 58.1563462306717
12 2 88 P F 39.77 7.67 1.84565604772576 19.0735332018028 55.4194082683114 25.9731823278981
12 2 89 P M 40.42 7.82 4.608213909188 26.8169924912738 92.3561850918777 35.0955566244153
12 2 91 P M 44.65 8.66 6.44971973961321 38.1949035024798 112.05356916502 55.3498574806557
12 2 92 P M 36.79 6.95 4.11993177931866 15.6390060945484 46.8246568324748 19.6108328718082
12 2 93 P F 47.05 9.85 2.31591850492587 28.1555014327094 77.1301814354291 32.9912289060833
12 2 94 P M 45.91 8.59 3.01010817308645 26.5728879541929 69.061694896213 32.9399270400106
12 2 96 P M 51.61 9.37 2.99498203080496 21.9914111966962 60.4989759842409 30.607790670156
12 2 100 P M 37.64 7.09 4.4210054721055 26.1165742982128 98.0897657863217 42.1186555283046
13 7 54 P F 38.7 7.96 3.68591494202928 28.5730176064876 71.6143827729678 37.6829762328333
13 7 58 P F 38.18 8.13 4.02306964320073 24.3714124424989 76.635166735282 32.5257167035482
13 7 61 P F 39.22 7.57 2.95978973758216 22.2189131924942 68.853368085243 29.3037320793236
13 7 64 P M 35.13 7.19 4.9850347458586 30.4558914630335 91.1911325219946 35.6386176153529
13 7 67 P F 30.98 6.16 2.2441281648562 16.9279696877719 49.5158788610965 15.752707825302
13 7 69 P M 44.64 9.51 2.76548401499563 23.3940383697436 67.2625586208118 31.7489874008812
13 7 71 P M 43.14 9.17 4.80693753153811 32.543154129259 76.1458503807589 33.72294898077
13 7 79 P M 62.37 12.67 2.3910259806211 14.7923092028445 42.547766797049 16.245671557005
13 7 80 P F 46.61 9.71 1.49929618906254 39.6936759748096 89.9549379373659 39.6136826053858
13 7 81 P F 40.39 7.83 2.96278400667677 20.1170274768617 60.7303155815406 23.6163824194249
13 7 82 P M 41.42 8.61 4.06249477205061 20.7428299728897 58.2415977643398 25.8412531144064
13 7 84 P M 36.15 7.15 2.92395287414023 18.8947609234454 55.5338298327393 20.5830781547916
13 7 88 P M 55.64 11.56 1.87118706952014 32.0053790872083 82.9065832419473 34.0397407738253
13 7 89 P M 55.08 11.26 3.55684098219368 30.6688795853689 67.7213135639725 34.813873391391
13 7 91 P F 41.57 8.43 2.08496373128453 18.643570767403 50.4771945230916 18.8774139867851
13 7 92 P F 42.09 8.81 5.0914171695482 25.9911950391894 76.4613782009262 29.2675918821409
13 7 94 P F 46.96 9.69 6.67479362790898 35.4722889526608 96.558382551315 38.9896521681833
13 7 95 P M 45.71 9.83 5.20500557991208 29.3065582899977 83.3057148594932 31.2577687234912
13 7 97 P M 39.95 8.49 4.26782092226644 23.5988922963656 72.2034583813423 32.6046152272839
13 7 100 P M 46.98 10.08 6.20609001770917 39.0808068593325 98.8798823669152 59.0991480840377
14 2 76 NP M 43.52 9.22 6.30292614219788 49.5791906784759 154.985637392847 76.9875182234073
14 2 77 NP M 47.02 9.47 5.87434045141852 47.6508030657127 137.655522301509 61.3338926753334
14 2 80 NP M 42.4 8.1 3.69239871785312 33.6726206344655 101.815887218499 47.1075462243903
14 2 82 NP F 48.86 10.19 6.83299579541698 44.0845358201446 119.919058556743 49.1173597839948
14 2 83 NP F 31.36 6.46 4.87911180094014 21.9680422212026 77.1285903344918 33.9577212581623
14 2 84 NP F 34.03 6.59 5.66559607553216 25.0023285509654 72.423144470088 33.9987276080494
14 2 85 NP F 43.03 8.46 4.36290850970069 41.3221662975465 115.466085415251 53.9831009709084
14 2 86 NP M 49.95 10 8.03206080746877 42.9652549744163 137.647769515859 64.2760461645544
14 2 88 NP F 42.51 8.51 4.71242364175818 51.3846948322313 124.787832760056 43.8726490952256
14 2 89 NP F 45.32 8.63 5.87071422487057 37.4382413031438 114.875764394167 47.6682250762709
14 2 90 NP F 38.87 7.63 5.82654518375476 35.9103912375464 109.343465607373 44.091211281176
14 2 91 NP F 39.43 8.47 6.27578632317904 42.1215893165892 106.535022707399 49.8266791408381
14 2 93 NP F 43.57 8.95 5.44949445061146 43.606890572621 121.970556977793 59.5488799130652
14 2 94 NP M 43.4 8.03 5.01784829081385 35.6820768068301 107.751328525464 49.5567142595951
14 2 95 NP M 40.1 8.14 3.63885657952782 28.1064863943352 81.188494964917 31.2346066159643
14 2 97 NP F 42.45 8.69 5.04159148400353 37.5310211844924 102.418223294442 51.3180219160582
14 2 98 NP M 40.7 8.03 4.07386206276323 35.5845811518127 95.8252486401063 49.7403637164188
14 2 99 NP M 42.33 8.82 5.14148433320035 33.0596246479701 98.1845527658425 38.5542092964031
14 2 100 NP M 46.23 9.89 6.3788333959447 35.5437869298748 98.3059125339699 41.8225137733417
5 1 53 NP M 33.53 6.1 4.07150407905237 29.7320328735738 81.7467541205293 39.7434291208144
5 1 54 NP F 27.91 5.39 3.14487704590946 24.5135916049231 61.749211834282 23.2115993703473
5 1 56 NP M 28.05 5.66 7.73745331577747 51.4615287637601 114.939860563298 73.0931460240657
5 1 58 NP F 26.94 5.23 5.50445007234677 31.4918256488855 87.9627565986297 39.0318273998452
5 1 61 NP M 37.97 6.69 4.39537372170426 28.1532829493961 85.2188734775675 29.6943460165384
5 1 64 NP M 26.05 5.77 4.24138386207858 29.0107781605881 79.5428948649768 32.8364607876645
5 1 65 NP M 34.8 6.8 2.0782402912035 23.4913051439099 78.7444570562975 33.6461900391342
5 1 78 NP F 33.35 6.23 3.03002291748837 24.5816208579275 75.9478504914385 30.2955069684263
5 1 82 NP F 32.48 6.89 2.49738799744962 22.5857235026426 79.0994331088943 27.7932960657849
5 1 84 NP F 34.78 7.08 3.72656789541747 30.9232187181909 79.0482020469481 28.2890869142454
5 1 87 NP F 37.86 7.47 4.50172228551506 31.9440015192497 83.2020285440313 32.7467400905436
5 1 89 NP F 37.69 7.19 5.03295377862176 32.7834496802823 87.3390460893648 42.4681689527267
5 1 91 NP F 42.89 8.75 6.88680096580944 36.2001640402487 114.34507626568 51.3066804393296
5 1 93 NP F 34.51 6.59 3.13658417019286 27.4760083243274 70.1580960162925 25.2847649530303
5 1 94 NP M 34.11 6.53 3.48483709273553 20.6707326134386 67.2519298244992 30.6740447030093
5 1 95 NP F 35.33 6.4 3.56883801718279 25.6953594798067 65.492801657513 29.6072682272975
5 1 97 NP M 39.55 7.08 2.86113024172347 28.5773519844362 76.9019974059685 33.085365172476
5 1 98 NP M 39.95 7.98 5.19027018119332 37.5421932271125 112.008320761422 49.9537800218331
5 1 99 NP M 37.63 6.89 2.72517756328541 29.0872399616707 72.9865845994672 31.7342797118388
5 1 100 NP M 36.41 6.41 4.20504969209797 28.5961138005967 84.5376600146273 31.4699043118577
6 6 52 NP M 30.89 5.96 2.88969128373229 22.3718170207625 61.7829368396641 23.0300979754354
6 6 54 NP F 30.6 6.35 5.23228141145996 35.6014097373813 105.04860645645 40.7156212124553
6 6 57 NP M 31.22 6.51 3.7886321953204 20.9735918801834 62.1601319709214 27.0976698224067
6 6 58 NP M 35.13 7.23 2.34658675592853 17.9660630204178 57.9071153289823 20.9838083412319
6 6 64 NP M 44.26 9.49 3.96658110432232 38.9887449320685 115.723092340614 48.6161878051775
6 6 69 NP F 37.53 7.06 4.44222914912756 39.3570371168895 93.7214947649225 44.4086348789274
6 6 72 NP M 35.74 7.47 3.29546922767247 34.0754236480096 87.9714865153295 38.1828753742763
6 6 73 NP M 36.73 7.29 4.27940728619208 27.4771491325308 76.8528917947075 36.6098292230957
6 6 75 NP F 28.91 6.07 2.20588131827538 23.9721080530413 68.3439186072162 26.515087295808
6 6 76 NP F 35.24 7.1 7.61677636788858 57.1242787481874 132.54094831197 56.005218934011
6 6 77 NP F 42.91 8.68 6.6723293932675 48.2085410870879 124.522371889766 53.9042866883851
6 6 91 NP F 37.53 7.42 5.18556655765109 33.6966383935308 92.8434100900381 41.5894128615237
6 6 92 NP F 42.89 8.22 2.51131062746334 43.8766664968925 106.527732714263 47.3469172913616
6 6 94 NP F 42 8.61 2.48092511164146 33.5486660487006 81.7413962274266 35.298664668206
6 6 95 NP F 34.06 7.02 3.10877065041963 21.2629616223911 57.7815671916722 23.6202005372393
6 6 97 NP M 43.39 8.19 5.23993139889627 37.2967409307049 111.625401730494 45.667683382781
6 6 98 NP M 35.95 7.03 3.13365199413713 21.214646266079 76.7356693572393 32.5557722029397
6 6 99 NP F 39.34 7.7 4.12246630785551 41.5051591968832 95.358392824597 37.8592374461842
6 6 100 NP M 39.78 7.61 4.21002886806262 31.0773102375001 95.8204202646846 38.366546658086
7 6 65 P F 35.27 6.86 4.90615870643345 26.3993073810024 64.8761274122515 36.6871489115537
7 6 66 P M 43.89 8.9 2.29360807404661 23.7365881646565 80.9439495321565 25.9583539379267
7 6 67 P M 41.6 8.54 4.26179561752287 33.1377924358735 116.639943313622 48.8712843423955
7 6 68 P M 40.67 8.29 3.76117362973996 25.7057380145026 87.9660342625969 37.726177187387
7 6 69 P M 43.51 8.52 2.95107501454611 39.310971299129 93.4185895125812 42.1643184787877
7 6 70 P M 44.67 9.81 5.40385232908527 39.8277892616252 112.378645492413 50.2114535384584
7 6 71 P F 36.16 7.09 2.7469236927663 29.88291192724 78.9038317355252 32.2988790428701
7 6 74 P M 41.23 7.92 3.7157003210613 20.5396004302345 69.5940729040431 28.7346970116616
7 6 75 P M 47 9.55 5.83039629499134 35.3918000512531 93.3329087290114 40.5965423043561
7 6 83 P F 38.06 7.45 5.90299279675172 28.9874703532182 86.1424827351037 37.094862515392
7 6 84 P F 42.17 8.37 3.82341839768461 38.3601147183653 105.683095054452 40.1455834888293
7 6 85 P F 45.45 9.07 3.65849773333525 43.6161935905993 119.58794100144 48.6343576786671
7 6 93 P F 39.14 7.9 4.84957185959144 30.4828796046175 93.3631746388684 37.456276155733
7 6 94 P M 37.67 7.24 5.40820127387779 25.857961668166 81.2563026196088 32.9269316437205
7 6 95 P F 40.19 7.85 4.90081018237751 25.8915553559116 72.4579023709231 32.0313626778056
7 6 96 P F 43.85 9.27 4.49513274062638 39.9648005902936 108.588274776722 52.5929286715132
7 6 97 P F 38.84 7.47 4.22852882222143 27.1954225757602 72.0190036855678 34.8769817208203
7 6 98 P F 39.64 7.93 3.82229146127588 27.6207621843186 86.1692535184499 36.7585959690995
7 6 99 P M 51.05 10.19 5.4160198645896 41.6380014967818 122.856406393646 53.4618322855804
8 4 51 NP M 30.37 5.6 2.8140090432542 12.7981345987768 44.7810413835125 22.8625179336242
8 4 52 NP M 36.1 6.56 4.61292109882466 27.2587943472316 75.1284916486481 33.0879897337348
8 4 58 NP M 37.42 7.8 5.29771464236901 21.2989203346733 73.1115499371496 30.3654219837873
8 4 63 NP M 35.71 6.43 4.23931853693862 22.88938294387 68.3238389072292 23.7332578669863
8 4 64 NP F 32.1 5.64 4.85051266464285 23.6564366924176 66.1438571132942 24.7605784828304
8 4 66 NP M 32.58 6.14 3.66852472712291 20.6073201262918 65.0240444657464 31.0662235849679
8 4 69 NP F 37.47 7.3 5.27175287213939 24.0868520017793 70.3169136650309 33.6072715549323
8 4 73 NP M 41.37 7.95 4.82762737379444 29.331291258659 87.7753514645738 42.347062125473
8 4 74 NP F 31.37 5.88 2.11047706478657 14.9426465254353 45.0170074784043 17.1997709794536
8 4 75 NP F 32.02 6.36 3.95954281496742 23.0959044932938 66.0802814020277 25.3136366879758
8 4 83 NP F 40.91 7.62 3.0277053122396 35.6240782032608 101.398766835659 43.7635881739447
8 4 84 NP F 35.25 7.45 5.07656516802054 32.7472929252165 94.2036981676289 36.6581121051264
8 4 86 NP F 37.69 7.33 5.99242616797655 42.369919617665 126.338960994998 47.1300072924119
8 4 87 NP F 40.69 7.51 5.84666302025562 36.9759413803185 96.2596021917455 45.8263428392241
8 4 90 NP F 40.23 7.7 5.48403289860004 43.7706442739817 112.576948101645 51.0188388653526
8 4 91 NP M 43.72 8.75 6.40663055388455 36.0350446624153 107.052647518843 41.2645943649585
8 4 92 NP M 39.09 7.34 4.68414176455225 35.9949002915342 98.6208089881105 41.9761451737845
8 4 93 NP F 37.65 6.92 6.87102367342102 41.2289523801313 101.883591356199 46.3847624981559
8 4 96 NP M 40.04 7.44 4.39338705277756 31.6083954722679 88.5790501589373 39.6776483530938
8 4 97 NP F 40.54 7.89 6.08193798134619 36.3053536843743 103.273186922565 41.4131103219526
8 4 98 NP M 37.59 7.52 6.54813816369031 32.8328502683251 96.7494384331448 35.9116635309271
9 7 51 NP F 34.14 6.82 3.13707749478091 23.1605904566282 57.4757960491237 27.4415550524638
9 7 52 NP M 38.05 7.27 4.89056829931853 24.0075341267058 68.6431067415827 30.9662791690856
9 7 55 NP M 34.64 6.68 4.02083056151454 24.078350995277 80.1800994181615 29.0948324119994
9 7 57 NP M 32.8 6.88 4.55632973699909 20.667932720762 67.9787857305385 25.3775280863751
9 7 76 NP M 36.2 7.35 4.61227303565343 25.8360811046597 67.7357579747839 30.5339489103374
9 7 77 NP F 37.27 7.32 4.78647366989207 28.3775898318347 76.5210566882686 33.6211735776115
9 7 78 NP F 52.4 10.38 5.01919290690894 41.0035073672951 93.2109082047911 46.7516529482688
9 7 79 NP M 48 9.12 2.49350409795392 38.0165848943834 85.4980731489723 41.3453189109906
9 7 80 NP M 50.79 10.02 2.91316827320964 29.8703751500694 82.289482716308 33.916568382831
9 7 83 NP M 41.34 8.52 5.8325013589997 34.5231701935106 101.368032907186 42.8976863721489
9 7 87 NP F 54.05 11.37 4.6564915058723 53.2860180269106 128.463050611903 59.8927112483296
9 7 88 NP M 44.51 8.9 4.50819821496752 33.6242131819876 105.505161372904 39.3927092345303
9 7 89 NP M 47.66 10.01 3.39938782439988 36.2058780463515 84.9403198376616 39.9670071314678
9 7 91 NP F 48.17 10.28 2.48579974063095 36.0729118574345 90.4536941521469 38.502459655914
9 7 92 NP F 60.53 13.18 7.57028542245355 56.9161123470081 147.657552085146 63.2104953107944
9 7 94 NP F 51.8 11.4 3.27249234748937 49.8128245255103 134.248228109999 57.4008534062106
9 7 95 NP F 55.24 11.47 5.97310546387383 50.0888828178539 101.005601933116 53.6523189890889
9 7 96 NP F 50.54 10.81 3.05868967561098 39.8928277384945 98.5217798999644 38.8937532263653
9 7 98 NP F 35.26 7.18 3.11035883894107 26.1502462717928 81.1444820144014 28.2762804088614
9 7 100 NP M 37.05 7.09 3.43182669913047 23.2855302616769 64.6496283887654 33.8946374230052
